[alfabe1.jpg]
filters=Soften=1,100.000000,0.000000;
moddate=3ecc62b0f20dd801
width=5570
height=5518
textactive=0
